91030112345 9876543210987654
87051256789 6543210987654321
93021098765 4567890123456789
89071523456 5678901234567890
96031234567 7890123456789012
90010187654 2345678901234567
95050434567 3456789012345678
92071665432 6789012345678901
88070198765 8901234567890123
91050554321 4321098765432109
94041112345 2109876543210987
87070376543 1098765432109876
90022265432 7654321098765432
92092098765 2345678901234567
93070823456 5678901234567890
96030187654 7890123456789012
91060934567 5432109876543210
89081287654 4321098765432109
95011465432 3210987654321098
90012312345 8765432109876543